0.105
0.111
0.1165
0.123
0.127
0.14
0.142
0.155
0.1625
0.1605
0.1725
0.179
0.1645
0.179
0.1765
0.18
0.198
0.1925
0.193
0.1995
0.1945
0.199
0.21
0.213
0.2145
0.2175
0.207
0.216
0.2305
0.2225
0.221
0.2235
0.2205
0.2065
0.231
0.2355
0.2005
0.228
0.2145
0.22
0.2215
0.23
0.2245
0.2295
0.234
0.2275
0.2315
0.2435
0.237
0.244
0.24
0.242
0.2405
0.2415
0.235
0.2455
0.252
0.243
0.241
0.2465
0.228
0.2395
0.252
0.2555
0.235
0.251
0.262
0.246
0.257
0.248
0.2585
0.2445
0.253
0.2425
0.246
0.2525
0.256
0.257
0.2545
0.2445
0.252
0.2665
0.238
0.253
0.263
0.2685
0.253
0.2655
0.264
0.2575
0.258
0.2545
0.261
0.271
0.2585
0.264
0.273
0.281
0.254
0.2475
0.262
0.2775
0.251
0.262
0.263
0.2675
0.2645
0.2585
0.2745
0.2565
0.2565
0.267
0.2755
0.268
0.271
0.2595
0.277
0.264
0.28
0.271
0.2705
0.285
0.259
0.258
0.2635
0.2715
0.2745
0.2865
0.265
0.2705
0.2855
0.267
0.2535
0.288
0.283
0.28
0.276
0.2895
0.2775
0.264
0.2745
0.2695
0.2905
0.2735
0.2785
0.2745
0.2615
0.2795
0.2775
0.271
0.2875
0.2775
0.2875
0.287
0.26
0.275
0.285
0.296
0.2685
0.2755
0.2845
0.288
0.267
0.2885
0.29
0.2635
0.2815
0.2755
0.2745
0.277
0.2845
0.2825
0.292
0.2685
0.285
0.2655
0.3085
0.2775
0.282
0.289
0.2895
0.2835
0.281
0.2875
0.2755
0.277
0.286
0.291
0.293
0.293
0.278
0.27
0.279
0.2895
0.284
0.301
0.2965
0.2655
0.297
0.2825
0.288
0.2895
0.266
0.2885
0.279
0.29
0.2815
0.2945
0.2945
0.2855
0.307
0.2885
0.289
0.3015
0.294
0.3085
0.2885
0.315
0.299
0.2865
0.3215
0.3
0.3055
0.305
0.2955
0.2855
0.2925
0.2985
0.308
0.2965
0.2885
0.3155
0.293
0.3055
0.292
0.289
0.291
0.294
0.287
0.303
0.2955
0.2995
0.299
0.2995
0.3005
0.312
0.2955
0.3095
0.287
0.2855
0.303
0.283
0.3075
0.307
0.302
0.3145
0.3185
0.3055
0.3095
0.2965
0.3055
0.3025
0.312
0.304
0.3
0.3195
0.319
0.3
0.294
0.301
0.3105
0.316
0.3055
0.294
0.293
0.3205
0.302
0.308
0.289
0.3155
0.324
0.302
0.2905
0.312
0.3045
0.318
0.299
0.314
0.317
0.315
0.32
0.31
0.3225
0.295
0.31
0.326
0.289
0.296
0.3075
0.2995
0.3185
0.317
0.313
0.317
0.301
0.326
0.319
0.302
0.3225
0.323
0.301
0.321
0.305
0.3215
0.3165
0.3255
0.318
0.3245
0.295
0.3375
0.3035
0.32
0.3075
0.32
0.307
0.304
0.3285
0.313
0.317
0.337
0.313
0.3115
0.317
0.3135
0.329
0.311
0.3185
0.314
0.3125
0.3145
0.3045
0.2945
0.3155
0.3035
0.329
0.3045
0.3255
0.323
0.312
0.3385
0.342
0.314
0.3275
0.322
0.3265
0.321
0.3055
0.3165
0.32
0.3205
0.32
0.326
0.31
0.316
0.308
0.33
0.322
0.318
0.3175
0.324
0.319
0.328
0.3285
0.3085
0.3005
0.3385
0.31
0.315
0.317
0.3255
0.318
0.309
0.327
0.3205
0.3285
0.345
0.321
0.3555
0.326
0.319
0.3265
0.325
0.357
0.344
0.3275
0.328
0.3295
0.3185
0.3525
0.3445
0.3315
0.3495
0.328
0.3435
0.326
0.3435
0.319
0.344
0.339
0.349
0.3135
0.318
0.334
0.3425
0.332
0.342
0.3245
0.3315
0.3345
0.3405
0.321
0.3295
0.338
0.3365
0.3175
0.3275
0.342
0.3455
0.3285
0.325
0.349
0.3405
0.346
0.335
0.326
0.326
0.339
0.336
0.34
0.3245
0.351
0.3525
0.3555
0.3375
0.331
0.349
0.3455
0.3425
0.326
0.3325
0.327
0.344
0.3385
0.348
0.3255
0.3395
0.333
0.343
0.3425
0.3435
0.3335
0.356
0.3515
0.3345
0.3465
0.334
0.347
0.34
0.3425
0.338
0.3485
0.3245
0.34
0.329
0.339
0.336
0.342
0.338
0.3305
0.3345
0.351
0.3405
0.353
0.36
0.339
0.326
0.3385
0.344
0.342
0.353
0.34
0.326
0.358
0.348
0.334
0.3415
0.3695
0.34
0.34
0.354
0.327
0.3465
0.3305
0.348
0.3425
0.341
0.3475
0.343
0.3575
0.331
0.3375
0.353
0.357
0.3435
0.32
0.3245
0.33
0.336
0.3555
0.337
0.3325
0.351
0.362
0.3525
0.341
0.345
0.3535
0.346
0.34
0.359
0.34
0.346
0.3535
0.345
0.351
0.322
0.344
0.3605
0.331
0.339
0.3485
0.339
0.352
0.365
0.335
0.3665
0.346
0.3685
0.3415
0.3475
0.346
0.354
0.346
0.336
0.363
0.3315
0.3545
0.345
0.3415
0.3555
0.344
0.342
0.35
0.3485
0.332
0.3255
0.3605
0.3465
0.359
0.3505
0.3395
0.3535
0.3375
0.3515
0.3515
0.3345
0.3445
0.343
0.3615
0.3335
0.357
0.3395
0.3635
0.3435
0.334
0.366
0.345
0.362
0.3765
0.3455
0.3265
0.349
0.336
0.3605
0.366
0.3555
0.3625
0.363
0.3425
0.361
0.341
0.3515
0.358
0.3465
0.3375
0.341
0.351
0.343
0.3475
0.371
0.3495
0.347
0.347
0.3365
0.365
0.3425
0.372
0.335
0.369
0.3425
0.351
0.352
0.3525
0.3475
0.3595
0.365
0.362
0.35
0.3345
0.3625
0.35
0.3465
0.343
0.3605
0.3565
0.35
0.3585
0.3665
0.3305
0.351
0.38
0.3575
0.3655
0.358
0.3485
0.3515
0.359
0.358
0.3515
0.363
0.339
0.347
0.3575
0.358
0.3645
0.3525
0.359
0.3485
0.3655
0.357
0.35
0.354
0.3695
0.366
0.365
0.361
0.3775
0.3645
0.3575
0.349
0.356
0.373
0.3525
0.366
0.3485
0.353
0.35
0.35
0.3675
0.35
0.3665
0.3735
0.365
0.3725
0.3555
0.367
0.356
0.3715
0.3465
0.355
0.359
0.3525
0.3675
0.352
0.3655
0.345
0.365
0.356
0.348
0.359
0.3685
0.332
0.342
0.371
0.359
0.353
0.3545
0.355
0.3575
0.3725
0.3545
0.3505
0.3625
0.3655
0.37
0.3625
0.367
0.3545
0.348
0.3535
0.3595
0.353
0.3635
0.346
0.3475
0.3535
0.3525
0.355
0.342
0.367
0.37
0.3525
0.3645
0.3555
0.369
0.3665
0.359
0.362
0.3635
0.356
0.362
0.368
0.3615
0.362
0.3535
0.372
0.3795
0.3605
0.3585
0.372
0.3625
0.3615
0.3775
0.358
0.376
0.3655
0.3685
0.363
0.3645
0.3525
0.3725
0.359
0.3645
0.3725
0.377
0.3615
0.3545
0.35
0.3645
0.365
0.3765
0.3485
0.368
0.352
0.365
0.3605
0.3785
0.3705
0.363
0.376
0.3715
0.3705
0.3645
0.3805
0.352
0.3745
0.375
0.3535
0.3495
0.357
0.3635
0.353
0.364
0.361
0.3705
0.3565
0.3645
0.3535
0.3715
0.3805
0.3525
0.3505
0.353
0.357
0.3765
0.3665
0.366
0.3705
0.367
0.369
0.387
0.364
0.3475
0.3595
0.3505
0.375
0.3595
0.361
0.379
0.378
0.37
0.364
0.3715
0.3855
0.363
0.365
0.383
0.377
0.374
0.378
0.381
0.3755
0.376
0.358
0.376
0.372
0.367
0.3735
0.3855
0.3695
0.37
0.369
0.376
0.391
0.3675
0.3815
0.3675
0.378
0.394
0.37
0.3535
0.388
0.3795
0.369
0.3575
0.3775
0.376
0.3905
0.377
0.385
0.3815
0.371
0.3605
0.374
0.3795
0.376
0.365
0.3745
0.3655
0.3625
0.383
0.3705
0.3785
0.3695
0.382
0.3785
0.3665
0.379
0.382
0.3965
0.373
0.375
0.3805
0.3705
0.383
0.389
0.392
0.3805
0.386
0.3745
0.367
0.4005
0.3775
0.38
0.3745
0.375
0.3705
0.3735
0.351
0.363
0.388
0.3725
0.369
0.3835
0.3805
0.379
0.3835
0.3725
0.388
0.374
0.3755
0.3625
0.363
0.3685
0.373
0.387
0.389
0.3765
0.3525
0.3675
0.3845
0.3835
0.391
0.357
0.378
0.372
0.373
0.3715
0.3765
0.3865
0.3915
0.391
0.368
0.39
0.3805
0.3885
0.4025
0.3765
0.3845
0.3735
0.374
0.368
0.3755
0.388
0.3715
0.388
0.3775
0.3715
0.386
0.377
0.39
0.3825
0.3755
0.388
0.3795
0.3735
0.3865
0.3545
0.386
0.384
0.3785
0.381
0.3915
0.4035
0.371
0.361
0.379
0.379
0.366
0.379
0.386
0.381
0.3815
0.367
0.3995
0.403
0.3745
0.38
0.3885
0.3875
0.3815
0.385
0.3825
0.385
0.394
0.392
0.3945
0.3795
0.3845
0.381
0.388
0.384
0.383
0.372
0.3905
0.4035
0.365
0.3825
0.373
0.3705
