0.092
0.0925
0.095
0.096
0.097
0.101
0.1065
0.112
0.118
0.1225
0.1275
0.132
0.1375
0.142
0.1425
0.145
0.147
0.15
0.1535
0.156
0.159
0.16
0.1615
0.1635
0.164
0.1645
0.166
0.1675
0.1675
0.169
0.1695
0.1705
0.1705
0.1715
0.172
0.1725
0.1735
0.174
0.175
0.1755
0.176
0.1765
0.177
0.177
0.177
0.177
0.1775
0.178
0.178
0.178
0.1785
0.1795
0.18
0.18
0.18
0.18
0.1805
0.1805
0.181
0.1815
0.1815
0.1825
0.182
0.182
0.1825
0.1825
0.183
0.183
0.1835
0.183
0.183
0.183
0.1835
0.184
0.1845
0.1845
0.1845
0.1845
0.1855
0.1855
0.1855
0.1855
0.186
0.1855
0.186
0.1865
0.1865
0.1865
0.1875
0.1875
0.188
0.188
0.188
0.188
0.1885
0.1885
0.1885
0.1885
0.189
0.189
0.189
0.189
0.1885
0.189
0.1895
0.189
0.1895
0.19
0.1905
0.19
0.1915
0.1915
0.192
0.1915
0.1925
0.1925
0.1925
0.192
0.192
0.192
0.192
0.1925
0.192
0.192
0.192
0.1925
0.192
0.192
0.192
0.192
0.1925
0.1925
0.1925
0.1925
0.1925
0.1925
0.1925
0.1925
0.1925
0.1925
0.1925
0.193
0.1925
0.1925
0.1925
0.193
0.1935
0.1935
0.193
0.194
0.194
0.194
0.194
0.194
0.194
0.1945
0.1945
0.1945
0.1945
0.1945
0.1945
0.1945
0.1945
0.1945
0.195
0.195
0.195
0.195
0.195
0.195
0.195
0.195
0.195
0.1955
0.195
0.195
0.1955
0.1955
0.1965
0.1965
0.1965
0.196
0.196
0.196
0.196
0.1965
0.196
0.196
0.196
0.1965
0.196
0.1965
0.196
0.1965
0.1965
0.1965
0.1965
0.1965
0.197
0.197
0.197
0.197
0.197
0.197
0.197
0.197
0.197
0.1975
0.1975
0.1975
0.1975
0.1975
0.1975
0.1975
0.1975
0.1975
0.1975
0.1975
0.1975
0.1975
0.1975
0.1975
0.1975
0.1975
0.1975
0.1975
0.1975
0.1975
0.1975
0.1975
0.1975
0.1975
0.1975
0.198
0.198
0.198
0.198
0.198
0.198
0.198
0.198
0.1985
0.1985
0.1985
0.1985
0.1985
0.1985
0.1985
0.1985
0.1985
0.1985
0.1985
0.1985
0.1985
0.1985
0.1985
0.1985
0.1985
0.1985
0.1985
0.1985
0.1985
0.1985
0.1985
0.1985
0.1985
0.1985
0.1985
0.1985
0.1985
0.1985
0.1985
0.1985
0.1985
0.1985
0.1985
0.1985
0.1985
0.1985
0.1985
0.1985
0.1985
0.1985
0.1985
0.1985
0.1985
0.1985
0.1985
0.1985
0.1985
0.1985
0.1985
0.1985
0.1985
0.1985
0.1985
0.1985
0.1985
0.1985
0.1985
0.1985
0.1985
0.1985
0.1985
0.1985
0.1985
0.1985
0.1985
0.1985
0.1985
0.1985
0.1985
0.1985
0.1985
0.1985
0.1985
0.1985
0.1985
0.1985
0.1985
0.1985
0.1985
0.1985
0.1985
0.1985
0.1985
0.199
0.199
0.199
0.199
0.199
0.199
0.199
0.199
0.199
0.199
0.199
0.199
0.199
0.199
0.199
0.199
0.199
0.199
0.199
0.199
0.199
0.199
0.199
0.199
0.199
0.1995
0.1995
0.1995
0.1995
0.1995
0.1995
0.1995
0.1995
0.1995
0.1995
0.1995
0.1995
0.1995
0.1995
0.1995
0.199
0.1995
0.199
0.1995
0.1995
0.1995
0.1995
0.1995
0.1995
0.1995
0.1995
0.1995
0.1995
0.1995
0.1995
0.1995
0.1995
0.1995
0.1995
0.1995
0.1995
0.1995
0.1995
0.1995
0.1995
0.1995
0.1995
0.1995
0.1995
0.2
0.2
0.2
0.2
0.2
0.2
0.2005
0.2005
0.2005
0.2005
0.2005
0.2005
0.2005
0.2005
0.2005
0.2005
0.2005
0.2005
0.2005
0.2005
0.2005
0.2005
0.2005
0.2005
0.2005
0.2005
0.2005
0.2005
0.2005
0.2005
0.2005
0.2005
0.2005
0.2005
0.2005
0.2005
0.2005
0.2005
0.2005
0.2005
0.2005
0.2005
0.2005
0.2005
0.2005
0.2005
0.2005
0.2005
0.2005
0.2005
0.2005
0.2005
0.2005
0.2005
0.2005
0.2005
0.2005
0.2005
0.2005
0.2005
0.2005
0.2005
0.2005
0.2005
0.2005
0.2005
0.2005
0.2005
0.2005
0.2005
0.2005
0.2005
0.2005
0.2005
0.2005
0.2005
0.2005
0.2005
0.2005
0.2005
0.2005
0.2005
0.2005
0.2005
0.2005
0.2005
0.2005
0.2005
0.2005
0.2005
0.2005
0.2005
0.2005
0.2005
0.2005
0.2005
0.2005
0.2005
0.2005
0.2005
0.2005
0.2005
0.2005
0.2005
0.2005
0.2005
0.2005
0.2005
0.2005
0.2005
0.2005
0.2005
0.2005
0.2005
0.2005
0.2005
0.2005
0.2005
0.2005
0.2005
0.2005
0.2005
0.2005
0.2005
0.2005
0.2005
0.2005
0.2005
0.2005
0.2005
0.2005
0.2005
0.2005
0.2005
0.201
0.2015
0.2015
0.202
0.202
0.202
0.202
0.202
0.202
0.202
0.202
0.202
0.202
0.202
0.202
0.202
0.202
0.202
0.202
0.202
0.202
0.202
0.202
0.202
0.202
0.202
0.202
0.202
0.202
0.202
0.202
0.202
0.202
0.202
0.202
0.202
0.202
0.202
0.202
0.202
0.202
0.202
0.202
0.202
0.202
0.202
0.202
0.202
0.202
0.2025
0.2025
0.2025
0.2025
0.2025
0.2025
0.2025
0.2025
0.2025
0.2025
0.2025
0.2025
0.2025
0.2025
0.2025
0.2025
0.2025
0.2025
0.2025
0.2025
0.2025
0.2025
0.2025
0.2025
0.2025
0.2025
0.2025
0.203
0.203
0.203
0.203
0.203
0.203
0.203
0.203
0.203
0.203
0.203
0.203
0.203
0.203
0.203
0.203
0.203
0.203
0.203
0.203
0.203
0.203
0.203
0.203
0.2035
0.2035
0.2035
0.2035
0.2035
0.2035
0.2035
0.2035
0.2035
0.2035
0.2035
0.2035
0.2035
0.2035
0.2035
0.2035
0.2035
0.2035
0.2035
0.2035
0.2035
0.2035
0.2035
0.2035
0.2035
0.2035
0.2035
0.2035
0.2035
0.2035
0.2035
0.2035
0.2035
0.2035
0.2035
0.2035
0.2035
0.2035
0.2035
0.2035
0.2035
0.2035
0.2035
0.2035
0.2035
0.2035
0.203
0.203
0.2035
0.2035
0.2035
0.2035
0.2035
0.2035
0.2035
0.2035
0.2035
0.203
0.203
0.203
0.2035
0.2035
0.2035
0.203
0.203
0.203
0.2035
0.2035
0.2035
0.2035
0.2035
0.204
0.204
0.204
0.204
0.204
0.204
0.204
0.204
0.204
0.204
0.204
0.204
0.204
0.204
0.204
0.204
0.204
0.204
0.204
0.204
0.204
0.2045
0.2045
0.2045
0.2045
0.2045
0.2045
0.2045
0.2045
0.2045
0.2045
0.2045
0.2045
0.2045
0.2045
0.2045
0.2045
0.2045
0.2045
0.205
0.205
0.205
0.205
0.205
0.205
0.205
0.205
0.205
0.205
0.205
0.205
0.205
0.205
0.205
0.205
0.205
0.205
0.205
0.205
0.205
0.205
0.205
0.205
0.205
0.205
0.205
0.205
0.205
0.205
0.205
0.205
0.205
0.205
0.205
0.205
0.205
0.205
0.205
0.205
0.205
0.205
0.205
0.205
0.205
0.205
0.205
0.205
0.205
0.205
0.205
0.205
0.205
0.205
0.205
0.205
0.205
0.205
0.205
0.205
0.205
0.205
0.205
0.205
0.205
0.205
0.205
0.205
0.205
0.205
0.2055
0.2055
0.2055
0.2055
0.2055
0.2055
0.2055
0.2055
0.2055
0.2055
0.2055
0.2055
0.2055
0.2055
0.2055
0.2055
0.2055
0.2055
0.2055
0.2055
0.2055
0.2055
0.2055
0.2055
0.2055
0.2055
0.2055
0.2055
0.2055
0.2055
0.2055
0.2055
0.2055
0.2055
0.2055
0.2055
0.2055
0.206
0.206
0.206
0.206
0.206
0.206
0.206
0.206
0.206
0.206
0.206
0.206
0.206
0.206
0.206
0.206
0.206
0.206
0.206
0.206
0.206
0.206
0.206
0.206
0.206
0.206
0.206
0.206
0.2065
0.2065
0.2065
0.2065
0.2065
0.2065
0.2065
0.2065
0.2065
0.2065
0.2065
0.2065
0.2065
0.2065
0.2065
0.2065
0.2065
0.2065
0.2065
0.2065
0.2065
0.2065
0.2065
0.2065
0.2065
0.2065
0.2065
0.2065
0.2065
0.2065
0.2065
0.2065
0.2065
0.2065
0.2065
0.2065
0.2065
0.2065
0.2065
0.2065
0.2065
0.2065
0.2065
0.2065
0.2065
0.2065
0.2065
0.2065
0.2065
0.2065
0.2065
0.2065
0.2065
0.2065
0.2065
0.2065
0.2065
0.2065
0.2065
0.2065
0.2065
0.2065
0.2065
0.2065
0.2065
0.2065
0.2065
0.2065
0.2065
0.2065
0.2065
0.2065
0.2065
0.2065
0.2065
0.2065
0.2065
0.2065
0.2065
0.2065
0.2065
0.2065
0.2065
0.2065
0.2065
0.2065
0.2065
0.2065
0.2065
0.2065
0.2065
0.2065
0.2065
0.2065
0.2065
0.2065
0.2065
0.2065
0.2065
0.2065
0.2065
0.2065
0.2065
0.2065
0.2065
0.2065
0.2065
0.2065
0.2065
0.2065
0.2065
0.2065
0.2065
0.2065
0.2065
0.2065
0.2065
0.2065
0.2065
0.2065
0.2065
0.2065
0.2065
0.2065
0.2065
0.2065
