0.1015
0.1
0.091
0.1095
0.1085
0.094
0.0885
0.103
0.1055
0.4325
0.254
0.166
0.134
0.11
0.089
0.103
0.092
0.1125
0.136
0.1855
0.1825
0.1785
0.181
0.167
0.154
0.1625
0.1595
0.1675
0.153
0.155
0.1675
0.1645
0.159
0.162
0.166
0.18
0.171
0.1685
0.163
0.1785
0.1775
0.1795
0.1805
0.1965
0.168
0.1785
0.1865
0.1975
0.1655
0.193
0.187
0.196
0.199
0.185
0.1875
0.192
0.1905
0.1855
0.219
0.209
0.231
0.2165
0.2015
0.2215
0.227
0.2085
0.2055
0.225
0.217
0.2335
0.2275
0.205
0.219
0.2155
0.2405
0.2425
0.2315
0.249
0.2385
0.252
0.249
0.2465
0.2465
0.246
0.2615
0.2565
0.259
0.258
0.278
0.2855
0.277
0.2955
0.2785
0.287
0.2955
0.27
0.273
0.2765
0.292
0.2985
0.301
0.3015
0.3045
0.3195
0.3185
0.3265
0.3355
0.3355
0.3355
0.351
0.336
0.3405
0.3405
0.343
0.3425
0.352
0.3525
0.3495
0.377
0.368
0.3775
0.3705
0.3825
0.3865
0.4005
0.387
0.398
0.3915
0.3885
0.378
0.3845
0.3885
0.407
0.4065
0.4165
0.405
0.4145
0.414
0.445
0.4455
0.447
0.4425
0.459
0.4475
0.454
0.46
0.4715
0.4585
0.463
0.4555
0.473
0.4885
0.485
0.4935
0.491
0.4955
0.4865
0.504
0.4935
0.49
0.505
0.4985
0.514
0.51
0.518
0.523
0.529
0.53
0.5455
0.5375
0.537
0.539
0.531
0.5425
0.545
0.5635
0.548
0.5495
0.558
0.5715
0.569
0.5605
0.565
0.5675
0.5625
0.5715
0.578
0.578
0.582
0.594
0.591
0.596
0.59
0.5895
0.5925
0.5955
0.5845
0.595
0.5965
0.5955
0.6055
0.603
0.603
0.607
0.605
0.603
0.609
0.615
0.621
0.633
0.6345
0.6375
0.6345
0.6275
0.635
0.6325
0.64
0.6375
0.635
0.636
0.6335
0.636
0.6365
0.6425
0.652
0.649
0.651
0.657
0.654
0.653
0.66
0.6605
0.6705
0.6815
0.6795
0.6855
0.6825
0.679
0.668
0.678
0.674
0.6785
0.686
0.68
0.686
0.6875
0.689
0.6915
0.6925
0.693
0.6905
0.6885
0.691
0.685
0.683
0.688
0.694
0.6975
0.7
0.7015
0.701
0.696
0.703
0.7
0.7095
0.706
0.72
0.7135
0.7125
0.714
0.7135
0.722
0.726
0.7175
0.717
0.72
0.7225
0.719
0.7275
0.724
0.7235
0.718
0.7255
0.7305
0.7275
0.7345
0.7275
0.7265
0.7305
0.732
0.729
0.7335
0.7355
0.7365
0.734
0.737
0.737
0.7335
0.7305
0.733
0.732
0.733
0.7485
0.737
0.742
0.742
0.742
0.739
0.7435
0.7465
0.749
0.7485
0.7515
0.744
0.748
0.7465
0.751
0.7465
0.751
0.7525
0.7565
0.7515
0.7505
0.7565
0.759
0.7605
0.761
0.762
0.7635
0.7655
0.7675
0.764
0.7625
0.7645
0.7665
0.7665
0.766
0.769
0.7695
0.77
0.768
0.7705
0.77
0.771
0.7655
0.767
0.7695
0.7715
0.7715
0.7775
0.7775
0.7805
0.7845
0.786
0.7835
0.7825
0.7805
0.7825
0.784
0.7865
0.785
0.79
0.788
0.7885
0.7885
0.784
0.786
0.7835
0.7855
0.785
0.7855
0.7845
0.785
0.7845
0.7845
0.7855
0.7865
0.784
0.784
0.7825
0.7885
0.79
0.7915
0.7905
0.7945
0.791
0.794
0.79
0.789
0.7885
0.783
0.782
0.7825
0.785
0.7825
0.7825
0.783
0.7855
0.789
0.792
0.7905
0.79
0.7885
0.7915
0.79
0.7925
0.796
0.7965
0.793
0.7965
0.7925
0.7975
0.792
0.7955
0.7985
0.7995
0.8015
0.805
0.806
0.81
0.804
0.8075
0.8035
0.8025
0.8025
0.808
0.8075
0.8065
0.805
0.804
0.802
0.8085
0.803
0.8065
0.808
0.8065
0.803
0.8005
0.7995
0.7985
0.8015
0.804
0.801
0.8045
0.8085
0.8065
0.8035
0.8045
0.805
0.811
0.807
0.805
0.803
0.8045
0.806
0.7965
0.7995
0.801
0.7975
0.8025
0.8045
0.8085
0.8105
0.8055
0.8095
0.8055
0.804
0.806
0.8055
0.8055
0.81
0.8075
0.8075
0.808
0.8095
0.811
0.8085
0.809
0.81
0.8105
0.8095
0.811
0.8115
0.815
0.811
0.8145
0.8155
0.811
0.812
0.811
0.8105
0.814
0.814
0.8135
0.8155
0.8155
0.8125
0.8165
0.815
0.8155
0.815
0.8115
0.8085
0.8105
0.81
0.8105
0.8085
0.806
0.8075
0.809
0.8045
0.804
0.8075
0.8075
0.8025
0.806
0.809
0.805
0.808
0.8085
0.81
0.8085
0.803
0.8045
0.805
0.805
0.807
0.806
0.8045
0.8085
0.8085
0.807
0.81
0.812
0.813
0.8125
0.815
0.8145
0.818
0.8155
0.8115
0.814
0.813
0.8105
0.811
0.812
0.8115
0.8105
0.814
0.8145
0.812
0.809
0.8135
0.813
0.8135
0.8125
0.8125
0.809
0.81
0.804
0.8055
0.804
0.806
0.806
0.804
0.8075
0.808
0.8065
0.8085
0.808
0.8115
0.812
0.8055
0.8085
0.8095
0.8095
0.81
0.812
0.8125
0.8135
0.8145
0.8085
0.813
0.8165
0.8165
0.8155
0.8185
0.8155
0.818
0.816
0.8165
0.819
0.822
0.823
0.821
0.8245
0.824
0.8205
0.821
0.828
0.8275
0.825
0.8245
0.8255
0.8245
0.8255
0.8215
0.8255
0.824
0.8225
0.8225
0.8225
0.8245
0.826
0.8275
0.8285
0.829
0.8285
0.83
0.8315
0.8275
0.829
0.831
0.8285
0.8285
0.832
0.832
0.834
0.835
0.832
0.8335
0.8315
0.8335
0.8315
0.8325
0.833
0.834
0.835
0.835
0.836
0.8385
0.8375
0.8405
0.8375
0.8375
0.837
0.84
0.84
0.8405
0.844
0.8435
0.8425
0.8435
0.841
0.8395
0.8425
0.844
0.847
0.846
0.845
0.8445
0.8445
0.843
0.84
0.839
0.84
0.843
0.839
0.838
0.8365
0.8345
0.836
0.8355
0.837
0.8375
0.8365
0.8375
0.838
0.8385
0.838
0.838
0.837
0.838
0.8335
0.8375
0.8385
0.8395
0.8385
0.838
0.839
0.838
0.84
0.839
0.8385
0.8375
0.8395
0.841
0.8425
0.8405
0.8415
0.84
0.8385
0.838
0.839
0.8395
0.8405
0.8375
0.839
0.8385
0.8385
0.84
0.84
0.8415
0.841
0.8405
0.8395
0.8395
0.8365
0.839
0.84
0.8405
0.841
0.843
0.8415
0.8415
0.8435
0.8445
0.843
0.846
0.8475
0.8465
0.8475
0.8465
0.849
0.8495
0.8525
0.85
0.853
0.853
0.851
0.85
0.8485
0.8475
0.847
0.8465
0.8475
0.847
0.8465
0.847
0.8485
0.849
0.85
0.8485
0.848
0.8505
0.8485
0.849
0.8495
0.8505
0.8515
0.852
0.851
0.852
0.855
0.8565
0.856
0.8545
0.853
0.8535
0.853
0.8535
0.853
0.853
0.852
0.854
0.8575
0.8605
0.8625
0.86
0.862
0.8645
0.8615
0.861
0.861
0.86
0.859
0.8595
0.859
0.86
0.858
0.8575
0.861
0.863
0.8595
0.859
0.8605
0.86
0.861
0.8605
0.8615
0.8605
0.862
0.862
0.863
0.863
0.862
0.862
0.863
0.864
0.863
0.866
0.8615
0.8635
0.862
0.8645
0.8645
0.865
0.864
0.865
0.866
0.863
0.8625
0.8655
0.864
0.862
0.862
0.862
0.8625
0.861
0.8615
0.86
0.861
0.8615
0.861
0.8605
0.8605
0.86
0.861
0.862
0.863
0.8665
0.8665
0.8665
0.865
0.8655
0.866
0.8665
0.865
0.867
0.866
0.866
0.864
0.865
0.866
0.866
0.865
0.866
0.8665
0.864
0.865
0.8635
0.8635
0.868
0.869
0.8695
0.8695
0.869
0.8695
0.8705
0.87
0.8695
0.8705
0.8735
0.871
0.8735
0.874
0.8715
0.8715
0.871
0.87
0.8695
0.868
0.868
0.866
0.867
0.868
0.867
0.8655
0.867
0.866
0.8665
0.867
0.8665
0.866
0.8645
0.8655
0.8655
0.865
0.8675
0.8675
0.867
0.868
0.8675
0.8675
0.864
0.865
0.8635
0.8635
0.866
0.8685
0.8685
0.869
0.8675
0.867
0.8675
0.8655
0.866
0.8675
0.8685
0.869
0.8695
0.868
0.8685
0.8665
0.867
0.8685
0.867
0.8675
0.8685
0.868
0.8675
0.868
0.8665
0.869
0.8685
0.8665
0.8665
0.867
0.8675
0.866
0.868
0.8665
0.866
0.866
0.8675
0.8685
0.868
0.868
0.868
0.87
0.8705
0.869
0.867
0.867
0.8685
0.867
0.8675
0.867
0.87
0.869
0.868
0.869
0.871
0.871
0.869
0.869
0.87
0.869
0.8695
0.8685
0.8675
0.869
0.869
0.869
0.8695
0.872
0.8715
0.8695
0.8725
0.8705
0.8685
0.8695
0.8675
0.8695
0.866
0.865
0.864
0.8655
0.8655
0.866
0.8675
0.8655
0.8655
0.867
0.8675
0.8675
0.866
0.8665
0.8665
0.8675
