0.132
0.162
0.186
0.2025
0.2205
0.2345
0.247
0.266
0.2705
0.2775
0.286
0.299
0.303
0.302
0.318
0.32
0.319
0.329
0.329
0.337
0.3365
0.3455
0.341
0.3415
0.343
0.358
0.358
0.3595
0.366
0.3695
0.36
0.3745
0.364
0.3725
0.366
0.3685
0.3765
0.3755
0.382
0.3795
0.383
0.3865
0.384
0.384
0.3905
0.383
0.3865
0.3985
0.385
0.3925
0.3935
0.3915
0.396
0.4
0.396
0.392
0.398
0.41
0.404
0.404
0.412
0.406
0.398
0.4015
0.4065
0.405
0.41
0.4135
0.415
0.4135
0.409
0.411
0.412
0.4115
0.4185
0.4195
0.4245
0.4145
0.425
0.424
0.4275
0.4365
0.431
0.4325
0.4285
0.4305
0.4385
0.4315
0.438
0.429
0.4345
0.4345
0.435
0.4375
0.44
0.4415
0.436
0.44
0.4375
0.4435
0.4405
0.4405
0.439
0.4465
0.4465
0.4555
0.444
0.447
0.4505
0.461
0.4575
0.451
0.453
0.453
0.4505
0.462
0.4615
0.459
0.455
0.465
0.46
0.4595
0.4675
0.4695
0.4725
0.4705
0.4715
0.469
0.4695
0.4555
0.4765
0.4785
0.468
0.4755
0.481
0.4775
0.481
0.475
0.481
0.4815
0.4875
0.4785
0.482
0.4795
0.4735
0.4825
0.4855
0.482
0.492
0.4895
0.491
0.4985
0.4955
0.4805
0.488
0.491
0.483
0.489
0.4965
0.487
0.488
0.4945
0.4835
0.4955
0.496
0.4965
0.4915
0.5015
0.5075
0.501
0.4895
0.501
0.497
0.5075
0.4985
0.508
0.5085
0.4875
0.511
0.5015
0.507
0.5075
0.516
0.5115
0.5075
0.506
0.511
0.513
0.523
0.5115
0.515
0.5125
0.526
0.5105
0.5205
0.52
0.5215
0.5085
0.5155
0.51
0.521
0.52
0.518
0.5165
0.5285
0.5255
0.531
0.528
0.525
0.5225
0.5315
0.526
0.528
0.5255
0.5395
0.5295
0.527
0.533
0.5395
0.527
0.5365
0.526
0.53
0.527
0.5335
0.5345
0.531
0.5385
0.543
0.5405
0.5375
0.5355
0.5415
0.544
0.5355
0.5435
0.5395
0.542
0.5395
0.543
0.5405
0.5435
0.5355
0.5355
0.542
0.544
0.5435
0.5495
0.54
0.548
0.547
0.557
0.5495
0.543
0.5465
0.554
0.562
0.5555
0.5525
0.551
0.554
0.5515
0.5485
0.5415
0.554
0.553
0.549
0.558
0.559
0.557
0.5565
0.552
0.5595
0.5575
0.566
0.566
0.56
0.5635
0.5535
0.5575
0.5565
0.565
0.573
0.5545
0.568
0.5655
0.5625
0.578
0.5625
0.573
0.5635
0.568
0.5755
0.568
0.5735
0.5825
0.5645
0.581
0.5825
0.578
0.565
0.567
0.576
0.5745
0.5815
0.585
0.579
0.577
0.577
0.574
0.5855
0.582
0.5685
0.573
0.577
0.577
0.583
0.584
0.5835
0.572
0.584
0.588
0.579
0.5845
0.5855
0.5925
0.5925
0.5965
0.591
0.589
0.5845
0.594
0.593
0.601
0.6005
0.601
0.591
0.605
0.593
0.595
0.587
0.598
0.607
0.608
0.5975
0.5995
0.604
0.61
0.5985
0.6045
0.597
0.6
0.602
0.6
0.599
0.6015
0.6075
0.6185
0.611
0.603
0.6105
0.6205
0.604
0.611
0.6115
0.607
0.6045
0.6065
0.6165
0.6065
0.616
0.6205
0.614
0.6135
0.623
0.622
0.62
0.6125
0.6175
0.608
0.614
0.621
0.611
0.623
0.623
0.625
0.614
0.604
0.613
0.634
0.6215
0.627
0.628
0.63
0.6285
0.6195
0.63
0.6295
0.6275
0.6325
0.6315
0.6305
0.6285
0.6375
0.6295
0.6335
0.617
0.6285
0.63
0.633
0.6185
0.625
0.6365
0.634
0.627
0.6405
0.634
0.6355
0.633
0.6355
0.631
0.632
0.633
0.6365
0.6395
0.647
0.6345
0.624
0.628
0.6325
0.629
0.6255
0.636
0.6345
0.6345
0.631
0.6375
0.64
0.6325
0.646
0.641
0.633
0.6355
0.653
0.648
0.6475
0.652
0.6475
0.655
0.6565
0.6535
0.6445
0.6485
0.651
0.6545
0.6515
0.648
0.6485
0.6545
0.6525
0.6435
0.6435
0.6525
0.655
0.6385
0.657
0.648
0.6465
0.647
0.657
0.651
0.6535
0.653
0.6575
0.651
0.648
0.6585
0.666
0.661
0.656
0.6645
0.6625
0.666
0.648
0.654
0.6595
0.662
0.6465
0.6505
0.6685
0.651
0.6515
0.6595
0.6595
0.659
0.659
0.6605
0.669
0.6655
0.662
0.6615
0.661
0.6665
0.6555
0.6645
0.663
0.668
0.669
0.673
0.6625
0.6625
0.664
0.6605
0.6665
0.6695
0.665
0.666
0.6735
0.6605
0.6655
0.662
0.6585
0.669
0.659
0.672
0.671
0.6645
0.668
0.671
0.677
0.671
0.675
0.662
0.672
0.671
0.6805
0.6765
0.6775
0.666
0.673
0.671
0.674
0.6835
0.6735
0.673
0.6755
0.6665
0.673
0.6815
0.676
0.6725
0.676
0.6785
0.6725
0.683
0.681
0.6805
0.6705
0.6865
0.6805
0.675
0.6825
0.683
0.673
0.6885
0.676
0.677
0.6885
0.6885
0.682
0.685
0.6885
0.6815
0.682
0.681
0.685
0.694
0.693
0.686
0.696
0.684
0.6925
0.692
0.6905
0.6925
0.696
0.69
0.687
0.6945
0.692
0.689
0.703
0.682
0.68
0.6855
0.694
0.6955
0.691
0.695
0.692
0.698
0.687
0.685
0.6985
0.686
0.684
0.699
0.696
0.698
0.6875
0.6895
0.695
0.691
0.6935
0.6995
0.6975
0.6865
0.686
0.698
0.708
0.699
0.7005
0.6985
0.699
0.7065
0.6945
0.7095
0.7095
0.707
0.7105
0.7135
0.7045
0.6965
0.699
0.6995
0.706
0.694
0.7
0.706
0.7015
0.6985
0.708
0.696
0.7055
0.7
0.6965
0.6925
0.7045
0.7055
0.701
0.7
0.7025
0.7045
0.703
0.705
0.7055
0.699
0.7145
0.706
0.7095
0.7085
0.7085
0.709
0.701
0.6965
0.7095
0.702
0.707
0.721
0.7005
0.713
0.707
0.691
0.706
0.718
0.711
0.707
0.699
0.7025
0.7005
0.709
0.708
0.7055
0.719
0.715
0.714
0.707
0.702
0.7125
0.705
0.706
0.6985
0.7125
0.7035
0.7075
0.6995
0.7125
0.7025
0.715
0.7155
0.7055
0.7215
0.7155
0.7135
0.712
0.7155
0.7135
0.7115
0.7105
0.709
0.712
0.715
0.707
0.7075
0.699
0.7035
0.7095
0.7075
0.714
0.715
0.718
0.712
0.7075
0.708
0.722
0.7135
0.7105
0.7205
0.7015
0.717
0.714
0.719
0.7175
0.721
0.712
0.71
0.713
0.7285
0.7195
0.7155
0.7165
0.7205
0.7205
0.723
0.718
0.71
0.71
0.73
0.737
0.715
0.7235
0.713
0.7155
0.722
0.726
0.7315
0.727
0.7185
0.7245
0.71
0.7215
0.7175
0.7265
0.7255
0.727
0.724
0.726
0.73
0.724
0.7275
0.714
0.7285
0.731
0.7345
0.7205
0.723
0.7225
0.7145
0.7245
0.7265
0.73
0.737
0.725
0.735
0.7275
0.7355
0.737
0.7345
0.7395
0.7335
0.7355
0.722
0.7345
0.7365
0.7295
0.732
0.731
0.733
0.728
0.736
0.7415
0.7225
0.7435
0.7375
0.719
0.735
0.731
0.72
0.7155
0.727
0.7325
0.743
0.7245
0.7315
0.7285
0.7325
0.731
0.731
0.7245
0.7225
0.7295
0.724
0.721
0.7365
0.7245
0.723
0.7325
0.735
0.721
0.731
0.7285
0.7325
0.731
0.7335
0.733
0.7265
0.733
0.7275
0.73
0.7335
0.7445
0.7165
0.7305
0.726
0.733
0.732
0.7305
0.732
0.7255
0.727
0.7305
0.732
0.741
0.7375
0.7325
0.7415
0.7295
0.742
0.734
0.734
0.745
0.7435
0.7415
0.7325
0.734
0.7325
0.7355
0.7435
0.7365
0.7395
0.7385
0.7465
0.7505
0.7425
0.7415
0.7455
0.744
0.7445
0.7405
0.7445
0.7465
0.7505
0.75
0.739
0.7385
0.747
0.7435
0.7545
0.74
0.745
0.745
0.7465
0.747
0.741
0.7435
0.7565
0.7545
0.7505
0.753
0.7515
0.7495
0.7525
0.747
0.744
0.7385
0.751
0.74
0.7515
0.737
0.745
0.739
0.7495
0.7465
0.738
0.7435
0.757
0.7575
0.7595
0.754
0.753
0.7505
0.7485
0.7465
0.7455
0.751
0.7495
0.749
0.7535
0.7595
0.7505
0.7535
0.743
0.7525
0.748
0.757
0.758
0.7595
0.7515
0.746
0.761
0.759
0.757
0.753
0.755
0.7625
0.7585
0.7665
0.7545
0.759
0.749
0.761
0.76
0.7545
0.7485
0.752
0.748
0.757
0.7485
0.753
0.7595
0.7615
0.774
0.7575
0.756
0.751
0.747
0.7555
0.7615
0.749
0.756
0.76
0.746
0.7555
0.744
0.759
0.761
0.7655
0.753
0.761
0.754
0.758
0.7515
0.761
0.758
0.76
0.759
0.7595
0.7545
0.7575
0.7605
0.7565
0.7545
0.757
0.7615
0.761
0.751
0.761
0.7575
0.7655
0.756
